 191.750    55.125   188.000    55.375  
 292.125     6.000   291.000     5.500  
 395.250    49.750   393.625    50.000  
 439.625   135.375   438.125   135.750  
 422.875   262.500   421.750   262.125  
 392.750   294.750   392.875   293.000  
 382.375   331.000   380.750   332.625  
 381.625   366.500   379.875   367.750  
 384.250   392.125   382.500   393.500  
 387.875   423.000   387.000   424.250  
 299.000   412.125   305.625   410.625  
 186.000   421.375   184.875   422.875  
 205.375   392.250   206.125   391.750  
 208.375   359.000   208.000   359.250  
 208.750   331.000   208.750   336.250  
 184.750   290.250   180.875   289.125  
 205.125   306.000   201.625   304.625  
 207.750   290.500   196.875   284.625  
 229.000   296.375   216.000   289.750  
 232.500   315.750   222.500   306.875  
 238.250   329.625   231.500   320.125  
 264.375   335.625   258.375   325.875  
 276.000   341.375   272.500   334.875  
 314.250   345.125   313.125   341.250  
 337.125   326.375   341.500   319.500  
 367.000   340.375   366.250   338.250  
 337.250   308.250   343.500   301.000  
 326.500   287.875   333.000   281.875  
 309.750   273.250   311.875   269.750  
 297.000   282.125   296.000   276.875  
 258.000   301.250   243.625   289.625  
 297.375   293.250   295.500   286.625  
 336.750   301.000   345.625   294.500  
 296.750   316.750   296.250   307.875  
 400.000   237.000   399.000   235.125  
 374.000   257.125   381.500   251.125  
 352.750   265.375   359.125   261.375  
 355.750   228.875   356.375   223.125  
 326.750   214.125   325.375   214.125  
 312.125   230.375   311.375   232.750  
 295.375   229.125   294.875   232.875  
 297.750   260.125   296.750   264.250  
 323.125   201.375   321.500   202.375  
 373.875   203.000   373.500   202.125  
 351.875   186.750   350.375   188.875  
 346.875   207.625   345.500   205.125  
 300.000   192.375   299.000   192.500  
 387.875   158.125   387.250   160.875  
 367.625   155.250   367.000   157.000  
 342.750   157.250   342.750   158.125  
 250.875   256.625   244.375   249.000  
 230.750   240.125   224.625   231.500  
 210.000   239.375   206.250   232.000  
 201.625   251.625   197.000   245.000  
 199.875   221.125   199.125   216.750  
 190.750   225.625   189.375   227.000  
 205.000   186.500   203.625   187.750  
 220.500   197.750   219.750   197.625  
 229.250   211.625   230.875   208.000  
 273.375   200.000   273.625   201.875  
 252.875   186.500   254.125   189.125  
 248.625   204.375   247.500   201.250  
 211.500   105.125   208.500   107.375  
 247.625   117.625   246.375   118.250  
 276.125    87.750   274.875    88.375  
 289.000   109.125   285.750   109.250  
 359.000   161.125   358.750   162.250  
 164.625   120.500   162.250   122.875  
